BioWare Version 5.3.0.7 Export
Device:	 9260AA6	 9260AA6	 9260AA6	 9260AA6	 9260AA6	 9260AA6	 9260AA6	 9260AA6
Samples (#):	59118	59118	59118	59118	59118	59118	59118	59118
Rate (Hz):	1000.000000	1000.000000	1000.000000	1000.000000	1000.000000	1000.000000	1000.000000	1000.000000
Contact period start (sample #):	3257	3257	3257	3257	3257	3257	3257	3257
Contact period end (sample #):	58490	58490	58490	58490	58490	58490	58490	58490
Contact period start time (s):	3.257000	3.257000	3.257000	3.257000	3.257000	3.257000	3.257000	3.257000
Contact period end time (s):	58.490002	58.490002	58.490002	58.490002	58.490002	58.490002	58.490002	58.490002
First sample time (s):	0.000000	0.000000	0.000000	0.000000	0.000000	0.000000	0.000000	0.000000
Normalized force (N):	800.000000	800.000000	800.000000	800.000000	800.000000	800.000000	800.000000	800.000000
Normalized length (m):	1.000000	1.000000	1.000000	1.000000	1.000000	1.000000	1.000000	1.000000
File Information
Date	Jul 04, 2024  17:58:42
Name	
ID	
Classification	
Description	
abs time (s)	Fx	Fy	Fz	Mx	My	Mz	Ax	Ay
	N	N	N	N m	N m	N m	m	m
0.000000	0.145133	-0.010285	-0.126362	-0.362161	0.150046	0.001693	0.000000	0.000000
0.001000	-0.011368	-0.127600	-1.756052	-0.102902	-0.404231	0.046690	0.000000	0.000000
0.002000	0.027848	-0.127480	-1.103967	0.066635	-0.265686	-0.020564	0.000000	0.000000
0.003000	0.145133	-0.127001	-1.264206	0.278001	0.046649	-0.055665	0.000000	0.000000
0.004000	-0.011408	-0.127720	-0.614033	-0.060647	-0.096305	0.083429	0.000000	0.000000
0.005000	0.066983	0.067805	0.852115	-0.280320	0.009831	-0.039001	-0.011537	-0.328970
0.006000	-0.050422	0.068045	-0.940077	-0.068854	0.039033	-0.041274	0.000000	0.000000
0.007000	-0.128612	-0.205690	-0.288513	-0.142176	-0.032532	-0.004119	0.000000	0.000000
0.008000	-0.011207	-0.205451	-1.102404	0.238696	0.348605	-0.067442	0.000000	0.000000
0.009000	0.145173	-0.049630	-1.428445	0.147898	-0.124266	0.022363	0.000000	0.000000
0.010000	-0.050342	-0.088255	-0.288165	0.192003	0.039073	-0.065504	0.000000	0.000000
0.011000	0.066863	-0.010165	0.364267	0.019169	0.249212	0.005645	-0.684146	0.052623
0.012000	0.184308	0.067805	-0.450490	0.143219	-0.054156	-0.028847	0.000000	0.000000
0.013000	0.184228	-0.049270	1.668614	0.105950	0.048580	0.003671	-0.029114	0.063496
0.014000	0.105918	0.146135	1.014789	-0.241056	-0.022734	0.019700	0.022403	-0.237543
0.015000	0.066903	-0.010405	-0.286948	0.358127	0.180562	0.018103	0.000000	0.000000
0.016000	-0.011368	-0.088255	0.200030	-0.019608	-0.130319	0.005680	0.651499	-0.098027
0.017000	0.145213	-0.010165	0.199159	-0.277169	0.013221	-0.055385	-0.066385	-1.391694
0.018000	0.027808	-0.127241	0.201246	0.066354	0.213376	-0.033022	-1.060275	0.329717
0.019000	-0.050382	-0.127720	0.363051	-0.229918	-0.097684	0.012245	0.269065	-0.633293
0.020000	-0.050463	0.184641	-1.104837	-0.200520	-0.131776	0.052824	0.000000	0.000000
0.021000	0.184228	0.029180	-0.126015	-0.279098	0.220045	-0.045551	0.000000	0.000000
0.022000	-0.167748	-0.205690	0.689789	0.196953	0.102764	0.006057	-0.148979	0.285527
0.023000	0.027768	-0.205690	-0.286425	0.451041	-0.026559	0.036540	0.000000	0.000000
0.024000	0.066983	-0.010405	-0.125317	0.146561	-0.058784	-0.022577	0.000000	0.000000
0.025000	-0.050422	-0.049390	0.363224	-0.063723	0.039215	-0.000238	-0.107965	-0.175437
0.026000	0.027728	0.223746	0.526593	-0.117397	0.145050	0.064941	-0.275450	-0.222938
0.027000	-0.128612	-0.010165	-0.613338	-0.150418	0.035681	-0.045179	0.000000	0.000000
0.028000	0.262418	-0.088255	-0.774273	0.488205	0.222447	0.015814	0.000000	0.000000
0.029000	-0.050422	0.145775	0.852810	-0.029384	0.141809	0.007898	-0.166285	-0.034456
0.030000	-0.011408	-0.205690	-0.125492	0.069752	0.006508	0.067055	0.000000	0.000000
